   779.000     57.694
   779.342     33.640
   779.684     85.586
   780.026     62.532
   780.368     78.478
   780.710     65.424
   781.052     69.371
   781.393     53.317
   781.735     49.264
   782.077     85.211
   782.419    100.158
   782.761     48.105
   783.103     70.052
   783.445     67.999
   783.787     41.947
   784.129     51.895
   784.471     66.842
   784.813     92.790
   785.155     51.738
   785.497     91.686
   785.838     79.634
   786.180     37.583
   786.522     60.531
   786.864     43.480
   787.206     78.428
   787.548     87.377
   787.890     90.326
   788.232     86.275
   788.574     80.224
   788.916     78.174
   789.258     52.123
   789.600     92.073
   789.942     81.023
   790.283     98.972
   790.625     81.922
   790.967     94.873
   791.309     63.823
   791.651     30.773
   791.993     53.724
   792.335     48.674
   792.677     41.625
   793.019     73.576
   793.361     59.527
   793.703     46.478
   794.045     67.429
   794.387     67.380
   794.728     94.332
   795.070     74.284
   795.412     56.235
   795.754     52.187
   796.096     69.139
   796.438     76.091
   796.780     54.044
   797.122     34.996
   797.464     66.948
   797.806     56.901
   798.148     75.854
   798.490     73.807
   798.832     26.760
   799.173     99.713
   799.515     69.666
   799.857     73.619
   800.199     99.573
   800.541     30.527
   800.883     40.480
   801.225     57.434
   801.567     40.388
   801.909     26.342
   802.251     46.297
   802.593     84.251
   802.935     90.206
   803.277     80.160
   803.618     66.115
   803.960     44.070
   804.302     43.025
   804.644     33.980
   804.986     43.935
   805.328     26.891
   805.670     54.846
   806.012     58.802
   806.354     44.758
   806.696     71.714
   807.038     94.670
   807.380     38.626
   807.722     97.582
   808.063     53.538
   808.405     73.495
   808.747     37.452
   809.089     62.408
   809.431     85.365
   809.773     82.322
   810.115     87.280
   810.457     75.237
   810.799     65.194
   811.141     47.152
   811.483     72.110
   811.825     30.067
   812.167     44.025
   812.508     52.983
   812.850     86.942
   813.192     75.900
   813.534     70.858
   813.876     85.817
   814.218     52.776
   814.560     81.734
   814.902     62.693
   815.244     89.652
   815.586     85.612
   815.928     86.571
   816.270     58.530
   816.611     76.490
   816.953     96.450
   817.295     57.409
   817.637     49.369
   817.979     89.329
   818.321     45.290
   818.663     97.250
   819.005     30.210
   819.347     42.171
   819.689     84.132
   820.031     90.092
   820.373     47.053
   820.715     49.015
   821.056     35.976
   821.398     42.937
   821.740     47.899
   822.082     27.860
   822.424     80.822
   822.766     53.784
   823.108     51.746
   823.450     80.708
   823.792     42.670
   824.134     70.632
   824.476     60.595
   824.818     47.557
   825.160     65.520
   825.501     22.483
   825.843     68.446
   826.185     57.409
   826.527     53.372
   826.869     86.336
   827.211     75.299
   827.553     87.263
   827.895     53.226
   828.237     81.190
   828.579     96.154
   828.921     66.118
   829.263     46.083
   829.605     82.047
   829.946     66.012
   830.288     35.976
   830.630     92.941
   830.972     82.906
   831.314     85.871
   831.656     48.836
   831.998     59.801
   832.340     93.767
   832.682     47.732
   833.024     76.698
   833.366     24.663
   833.708     51.629
   834.050     91.595
   834.391     61.561
   834.733     85.528
   835.075     40.494
   835.417     54.461
   835.759     30.427
   836.101     95.394
   836.443     43.361
   836.785     48.328
   837.127     36.295
   837.469     69.262
   837.811     43.230
   838.153     84.197
   838.495     45.165
   838.836     26.133
   839.178     51.101
   839.520     50.069
   839.862     44.037
   840.204     34.005
   840.546     59.973
   840.888     43.942
   841.230     23.911
   841.572     74.879
   841.914     69.848
   842.256     87.817
   842.598     41.787
   842.940     55.756
   843.281     73.725
   843.623     40.695
   843.965     22.665
   844.307     44.634
   844.649     33.604
   844.991     92.574
   845.333     21.544
   845.675     43.515
   846.017     65.485
   846.359     40.456
   846.701     41.426
   847.043     76.397
   847.385     66.368
   847.726     66.339
   848.068     46.310
   848.410     53.282
   848.752     47.253
   849.094     69.225
   849.436     42.196
   849.778     39.168
   850.120     53.140
   850.462     92.112
   850.804     93.084
   851.146     93.057
   851.488     57.029
   851.830     80.002
   852.171     47.974
   852.513     19.947
   852.855     29.920
   853.197     82.893
   853.539     89.867
   853.881     88.840
   854.223     63.813
   854.565     83.787
   854.907     19.761
   855.249     47.734
   855.591     34.708
   855.933     51.683
   856.275     23.657
   856.616     82.631
   856.958     20.606
   857.300     28.580
   857.642     23.555
   857.984     91.530
   858.326     52.505
   858.668     61.480
   859.010     54.455
   859.352     88.430
   859.694     55.406
   860.036     64.381
   860.378     45.357
   860.720     86.333
   861.061     80.309
   861.403     48.285
   861.745     37.261
   862.087     38.238
   862.429     62.214
   862.771     63.191
   863.113     66.168
   863.455     52.144
   863.797     83.121
   864.139     27.099
   864.481     79.076
   864.823     63.053
   865.165     69.031
   865.506     39.008
   865.848     56.986
   866.190     84.964
   866.532     84.942
   866.874     27.920
   867.216     19.898
   867.558     61.877
   867.900     64.855
   868.242     77.834
   868.584     61.813
   868.926     19.792
   869.268     46.771
   869.610     48.750
   869.951     88.729
   870.293     70.708
   870.635     21.688
   870.977     42.667
   871.319     71.647
   871.661     32.627
   872.003     75.607
   872.345     61.587
   872.687     44.568
   873.029     64.548
   873.371     66.529
   873.713     92.509
   874.055     34.490
   874.396     19.471
   874.738     39.452
   875.080     90.433
   875.422     71.414
   875.764     47.396
   876.106     24.377
   876.448     65.359
   876.790     43.341
   877.132     71.323
   877.474     45.305
   877.816     81.287
   878.158     31.269
   878.500     18.252
   878.841     59.234
   879.183     77.217
   879.525     34.200
   879.867     53.183
   880.209     77.166
   880.551     76.149
   880.893     47.132
   881.235     72.116
   881.577     68.099
   881.919     51.083
   882.261     40.067
   882.603     55.051
   882.944     38.035
   883.286     41.019
   883.628     44.003
   883.970     21.988
   884.312     50.972
   884.654     37.957
   884.996     60.942
   885.338     34.927
   885.680     17.912
   886.022     78.897
   886.364     64.882
   886.706     74.868
   887.048     58.853
   887.389     44.839
   887.731     46.825
   888.073     78.811
   888.415     65.797
   888.757     80.783
   889.099     32.769
   889.441     46.756
   889.783     70.742
   890.125     77.729
   890.467     84.716
   890.809     23.703
   891.151     54.690
   891.493     78.677
   891.834     78.665
   892.176     60.652
   892.518     26.640
   892.860     84.627
   893.202     35.615
   893.544     91.603
   893.886     18.591
   894.228     72.580
   894.570     79.568
   894.912     27.556
   895.254     24.545
   895.596     53.534
   895.938     43.523
   896.279     27.512
   896.621     32.501
   896.963     79.490
   897.305     34.479
   897.647     32.469
   897.989     45.458
   898.331     54.448
   898.673     27.438
   899.015     78.428
   899.357     29.418
   899.699     46.408
   900.041     54.399
   900.383     76.389
   900.724     42.380
   901.066     83.371
   901.408     24.362
   901.750     76.353
   902.092     28.344
   902.434     87.335
   902.776     82.326
   903.118     77.318
   903.460     56.310
   903.802     19.301
   904.144     42.293
   904.486     34.285
   904.828     25.277
   905.169     26.270
   905.511     31.262
   905.853     42.255
   906.195     66.247
   906.537     33.240
   906.879     57.233
   907.221     60.226
   907.563     69.219
   907.905     30.212
   908.247     37.206
   908.589     17.199
   908.931     42.193
   909.273     46.187
   909.614     46.181
   909.956     85.175
   910.298     20.169
   910.640     43.163
   910.982     21.158
   911.324     67.152
   911.666     36.147
   912.008     54.142
   912.350     78.137
   912.692     39.132
   913.034     39.127
   913.376     66.122
   913.718     91.118
   914.059     55.113
   914.401     85.109
   914.743     64.105
   915.085     82.100
   915.427     67.097
   915.769     48.093
   916.111     35.089
   916.453     49.085
   916.795     66.082
   917.137     39.079
   917.479     77.076
   917.821     29.073
   918.163     32.070
   918.504     24.067
   918.846     31.064
   919.188     31.062
   919.530     33.059
   919.872     28.057
   920.214     66.055
   920.556     80.053
   920.898     59.051
   921.240     35.049
   921.582     51.047
   921.924     91.046
   922.266     18.044
   922.608     75.043
   922.949     23.042
   923.291     48.041
   923.633     84.040
   923.975     23.039
   924.317     82.038
   924.659     30.038
   925.001     56.037
   925.343     63.037
   925.685     89.037
   926.027     76.037
   926.369     44.037
   926.711     73.037
   927.053     75.038
   927.394     68.038
   927.736     28.039
   928.078     33.040
   928.420     28.040
   928.762     89.041
   929.104     20.042
   929.446     80.044
   929.788     84.045
   930.130     25.047
   930.472     73.048
   930.814     75.050
   931.156     41.052
   931.498     24.054
   931.839     53.056
   932.181     24.058
   932.523     34.061
   932.865     82.063
   933.207     71.066
   933.549     60.068
   933.891     85.071
   934.233     64.074
   934.575     39.077
   934.917     76.081
   935.259     84.084
   935.601     87.088
   935.943     80.091
   936.284     74.095
   936.626     81.099
   936.968     84.103
   937.310     67.107
   937.652     36.111
   937.994     46.116
   938.336     88.120
   938.678     80.125
   939.020     44.130
   939.362     40.135
   939.704     30.140
   940.046     29.145
   940.388     76.150
   940.729     91.155
   941.071     33.161
   941.413     46.167
   941.755     88.172
   942.097     54.178
   942.439     38.184
   942.781     64.190
   943.123     47.197
   943.465     42.203
   943.807     40.210
   944.149     19.216
   944.491     45.223
   944.833     91.230
   945.174     39.237
   945.516     40.244
   945.858     27.252
   946.200     77.259
   946.542     81.267
   946.884     67.274
   947.226     32.282
   947.568     19.290
   947.910     89.298
   948.252     72.306
   948.594     86.315
   948.936     61.323
   949.278     58.331
   949.619     66.340
   949.961     31.349
   950.303     59.358
   950.645     37.367
   950.987     72.376
   951.329     53.386
   951.671     89.395
   952.013     77.405
   952.355     30.414
   952.697     63.424
   953.039     35.434
   953.381     20.444
   953.722     36.454
   954.064     80.465
   954.406     45.475
   954.748     56.486
   955.090     19.496
   955.432     24.507
   955.774     77.518
   956.116     41.529
   956.458     90.540
   956.800     34.552
   957.142     33.563
   957.484     85.575
   957.826     66.587
   958.167     27.598
   958.509     61.610
   958.851     49.622
   959.193     85.635
   959.535     60.647
   959.877     43.659
   960.219     42.672
   960.561     41.685
   960.903     37.698
   961.245     52.711
   961.587     76.724
   961.929     78.737
   962.271     39.750
   962.612     65.764
   962.954     75.777
   963.296     81.791
   963.638     55.805
   963.980     25.819
   964.322     47.833
   964.664     41.847
   965.006     45.862
   965.348     85.876
   965.690     62.891
   966.032     57.906
   966.374     84.920
   966.716     18.935
   967.057     81.951
   967.399     34.966
   967.741     90.981
   968.083     77.997
   968.425     20.012
   968.767     89.028
   969.109     24.044
   969.451     70.060
   969.793     30.076
   970.135     22.092
   970.477     18.109
   970.819     83.125
   971.161     27.142
   971.502     79.159
   971.844     28.176
   972.186     90.193
   972.528     32.210
   972.870     42.227
   973.212     75.244
   973.554     91.262
   973.896     89.280
   974.238     24.297
   974.580     28.315
   974.922     70.333
   975.264     74.352
   975.606     41.370
   975.947     69.388
   976.289     91.407
   976.631     53.425
   976.973     69.444
   977.315     25.463
   977.657     54.482
   977.999     70.501
   978.341     62.521
   978.683     76.540
   979.025     53.560
   979.367     38.579
   979.709     65.599
   980.051     41.619
   980.392     59.639
   980.734     64.659
   981.076     23.679
   981.418     19.700
   981.760     56.720
   982.102     61.741
   982.444     86.762
   982.786     18.783
   983.128     79.804
   983.470     85.825
   983.812     22.846
   984.154     70.868
   984.496     25.889
   984.837     23.911
   985.179     58.933
   985.521     29.955
   985.863     79.977
   986.205     24.999
   986.547     45.021
   986.889     33.044
   987.231     85.067
   987.573     80.089
   987.915     57.112
   988.257     57.135
   988.599     65.158
   988.941     66.181
   989.282     86.205
   989.624     66.228
   989.966     71.252
   990.308     27.275
   990.650     33.299
   990.992     69.323
   991.334     75.347
   991.676     78.371
   992.018     69.396
   992.360     46.420
   992.702     67.445
   993.044     35.470
   993.386     80.494
   993.727     54.519
   994.069     43.545
   994.411     35.570
   994.753     37.595
   995.095     33.621
   995.437     55.646
   995.779     25.672
   996.121     56.698
   996.463     21.724
   996.805     44.750
   997.147     33.776
   997.489     88.802
   997.831     82.829
   998.172     21.856
   998.514     93.882
   998.856     93.909
   999.198     85.936
   999.540     40.963
   999.882     22.991
  1000.224     40.018
  1000.566     49.045
  1000.908     68.073
  1001.250     65.101
  1001.592     31.129
  1001.934     92.157
  1002.276     20.185
  1002.617     88.213
  1002.959     75.241
  1003.301     53.270
  1003.643     85.299
  1003.985     71.327
  1004.327     49.356
  1004.669     57.385
  1005.011     62.414
  1005.353     28.444
  1005.695     26.473
  1006.037     90.503
  1006.379     31.532
  1006.721     93.562
  1007.062     37.592
  1007.404     57.622
  1007.746     67.652
  1008.088     54.682
  1008.430     63.713
  1008.772     32.743
  1009.114     26.774
  1009.456     40.805
  1009.798     91.836
  1010.140     80.867
  1010.482     61.898
  1010.824     29.929
  1011.166     93.961
  1011.507     33.992
  1011.849     73.024
  1012.191     86.056
  1012.533     82.087
  1012.875     46.120
  1013.217     39.152
  1013.559     79.184
  1013.901     71.216
  1014.243     21.249
  1014.585     80.282
  1014.927     70.314
  1015.269     47.347
  1015.611     22.380
  1015.952     87.414
  1016.294     40.447
  1016.636     38.480
  1016.978     78.514
  1017.320     89.548
  1017.662     81.581
  1018.004     87.615
  1018.346     44.649
  1018.688     44.684
  1019.030     44.718
  1019.372     46.752
  1019.714     29.787
  1020.056     38.822
  1020.397     83.856
  1020.739     43.891
  1021.081     26.926
  1021.423     75.962
  1021.765     23.997
  1022.107     89.032
  1022.449     87.068
  1022.791     26.104
  1023.133     86.140
  1023.475     28.176
  1023.817     80.212
  1024.159     92.248
  1024.500     65.284
  1024.842     76.321
  1025.184     87.357
  1025.526     75.394
  1025.868     92.431
  1026.210     42.468
  1026.552     50.505
  1026.894     72.542
  1027.236     59.579
  1027.578     81.617
  1027.920     37.655
  1028.262     61.692
  1028.604     30.730
  1028.945     53.768
  1029.287     32.806
  1029.629     80.844
  1029.971     35.883
  1030.313     25.921
  1030.655     43.960
  1030.997     88.999
  1031.339     91.037
  1031.681     46.076
  1032.023     90.116
  1032.365     35.155
  1032.707     66.194
  1033.049     43.234
  1033.390     51.273
  1033.732     37.313
  1034.074     37.353
  1034.416     32.393
  1034.758     62.433
  1035.100     28.473
  1035.442     41.514
  1035.784     27.554
  1036.126     43.595
  1036.468     42.636
  1036.810     70.676
  1037.152     92.717
  1037.494     38.759
  1037.835     71.800
  1038.177     34.841
  1038.519     97.883
  1038.861     47.924
  1039.203     56.966
  1039.545     83.008
  1039.887     88.050
  1040.229     75.092
  1040.571     55.135
  1040.913     92.177
  1041.255     80.219
  1041.597     34.262
  1041.939     81.305
  1042.280     43.348
  1042.622     61.391
  1042.964     89.434
  1043.306     67.477
  1043.648     66.521
  1043.990     77.564
  1044.332     30.608
  1044.674     25.652
  1045.016     34.696
  1045.358     61.740
  1045.700     78.784
  1046.042     92.828
  1046.384     71.872
  1046.725     40.917
  1047.067     52.962
  1047.409     85.006
  1047.751     59.051
  1048.093     68.096
  1048.435     82.142
  1048.777     33.187
  1049.119     68.232
  1049.461     47.278
  1049.803     64.324
  1050.145     72.369
  1050.487     98.415
  1050.829     63.461
  1051.170     56.508
  1051.512     45.554
  1051.854     86.600
  1052.196     76.647
  1052.538     88.694
  1052.880     97.740
  1053.222     99.787
  1053.564     26.834
  1053.906     37.882
  1054.248     39.929
  1054.590     63.976
  1054.932     56.024
  1055.274     50.072
  1055.615     51.119
  1055.957     61.167
  1056.299     52.216
  1056.641     31.264
  1056.983     96.312
  1057.325     54.361
  1057.667     84.409
  1058.009     45.458
  1058.351     38.507
  1058.693     51.556
  1059.035     64.605
  1059.377     45.654
  1059.719     61.703
  1060.060     89.753
  1060.402     98.802
  1060.744     56.852
  1061.086     40.902
  1061.428     59.952
  1061.770     27.002
  1062.112     66.052
  1062.454     65.103
  1062.796     83.153
  1063.138     62.204
  1063.480     45.254
  1063.822     99.305
  1064.164     92.356
  1064.505     31.407
  1064.847     84.459
  1065.189     77.510
  1065.531    101.561
  1065.873     51.613
  1066.215     65.665
  1066.557     75.717
  1066.899     47.769
  1067.241     85.821
  1067.583     89.873
  1067.925     31.925
  1068.267     64.978
  1068.609     43.031
  1068.950     87.083
  1069.292     78.136
  1069.634     82.189
  1069.976     96.242
  1070.318     81.296
  1070.660     76.349
  1071.002     82.402
  1071.344     59.456
  1071.686     54.510
  1072.028     85.564
  1072.370     76.618
  1072.712     54.672
  1073.054     51.726
  1073.395     54.781
  1073.737     92.835
  1074.079     29.890
  1074.421    100.944
  1074.763     35.999
  1075.105     31.054
  1075.447     37.110
  1075.789     70.165
  1076.131     87.220
  1076.473     33.276
  1076.815     56.331
  1077.157     65.387
  1077.499     39.443
  1077.840     52.499
  1078.182    101.555
  1078.524     77.612
  1078.866     49.668
  1079.208     54.725
  1079.550     38.781
  1079.892     71.838
  1080.234     32.895
  1080.576     65.952
  1080.918     84.009
  1081.260     47.066
  1081.602     95.124
  1081.944     49.181
  1082.285     60.239
  1082.627     80.297
  1082.969     87.355
  1083.311     73.413
  1083.653     87.471
  1083.995     83.529
  1084.337     85.588
  1084.679     80.646
  1085.021     53.705
  1085.363     86.764
  1085.705     72.823
  1086.047     94.882
  1086.389     53.941
  1086.730     46.000
  1087.072     76.060
  1087.414     98.119
  1087.756     96.179
  1088.098     84.239
  1088.440     74.299
  1088.782     69.359
  1089.124     35.419
  1089.466     45.479
  1089.808    103.540
  1090.150     80.601
  1090.492     94.661
  1090.833     83.722
  1091.175     83.783
  1091.517     72.844
  1091.859     92.905
  1092.201     96.967
  1092.543     35.028
  1092.885     70.090
  1093.227     79.151
  1093.569     83.213
  1093.911     99.275
  1094.253     75.337
  1094.595     47.400
  1094.937     49.462
  1095.278     42.524
  1095.620     98.587
  1095.962     46.650
  1096.304     64.713
  1096.646    104.776
  1096.988    103.839
  1097.330     57.902
  1097.672     92.965
  1098.014     39.029
  1098.356     90.092
  1098.698    103.156
  1099.040     83.220
  1099.382     84.284
  1099.723     89.348
  1100.065    103.412
  1100.407     90.477
  1100.749     69.541
  1101.091     43.606
  1101.433     74.671
  1101.775     87.735
  1102.117     36.800
  1102.459     90.866
  1102.801     69.931
  1103.143    101.996
  1103.485     60.062
  1103.827     40.127
  1104.168     82.193
  1104.510     84.259
  1104.852     69.325
  1105.194     82.391
  1105.536     85.457
  1105.878     70.524
  1106.220     51.590
  1106.562     99.657
  1106.904     79.724
  1107.246     83.791
  1107.588     57.858
  1107.930     74.925
  1108.272     60.992
  1108.613     71.059
  1108.955     83.127
  1109.297    100.195
  1109.639     94.262
  1109.981     76.330
  1110.323     40.398
  1110.665    101.466
  1111.007     48.535
  1111.349     67.603
  1111.691    104.672
  1112.033     44.740
  1112.375    105.809
  1112.717     95.878
  1113.058     43.947
  1113.400     38.016
  1113.742     84.086
  1114.084     43.155
  1114.426     72.225
  1114.768    102.294
  1115.110    101.364
  1115.452     82.434
  1115.794     36.504
  1116.136     49.574
  1116.478     70.644
  1116.820     39.715
  1117.162     81.785
  1117.503     38.856
  1117.845     98.927
  1118.187     94.998
  1118.529     44.069
  1118.871     48.140
  1119.213     66.211
  1119.555     48.283
  1119.897     46.354
  1120.239    107.426
  1120.581     63.498
  1120.923     47.570
  1121.265     67.642
  1121.607     73.714
  1121.948     69.786
  1122.290    108.859
  1122.632     53.931
  1122.974     81.004
  1123.316     85.077
  1123.658    102.150
  1124.000     48.223
